TABLE 1. TOTAL NUMBER OF DRUG AND ALCOHOL-RELATED INTOXICATION DEATHS BY PLACE OF OCCURRENCE, 2007-2017.1,2

REGION AND POLITICAL                                                                            TOTAL INTOXICATION DEATHS
        SUBDIVISION
                                                    2007      2008      2009      2010      2011      2012      2013      2014      2015      2016      2017      TOTAL

MARYLAND ......................................     815       694       731       649           671   799       858        1,041    1,259     2,089     2,282 11,888

NORTHWEST AREA ........................                   54        53        53        58        65        67        86        96  131       214       183       1,060

GARRETT .....................................             1         3         3         3         2         0         6         2         5         1         8   34

ALLEGANY ....................................             14        9         9         15        12        14        15        12        22        59        38  219

WASHINGTON ..............................                 16        26        18        20        21        27        28        40        64        66        59  385

FREDERICK ..................................              23        15        23        20        30        26        37        42        40        88        78  422

BALTIMORE METRO AREA ............                   550       443       479       411           420   519       557        678      841       1,402     1,549     7,849

BALTIMORE CITY .........................            287       184       239       172           167   225       246        305      393       694       761       3,673

BALTIMORE COUNTY ..................                 131       118       106       115           107   119       144        170      220       336       367       1,933

ANNE ARUNDEL ..........................                   71        70        63        56        79        83        78   101      112       195       214       1,122

CARROLL ......................................            14        17        22        15        8         29        24        38        40        47        55  309

HOWARD ......................................             16        19        16        10        21        24        29        21        26        46        51  279

HARFORD .....................................             31        35        33        43        38        39        36        43        50        84  101       533

NATIONAL CAPITAL AREA .............                 109       104       103             81        86  104       111        128      140       231       283       1,480

MONTGOMERY ............................                   56        46        44        38        44        48        52        65        70  102       116       681

PRINCE GEORGE'S .....................                     53        58        59        43        42        56        59        63        70  129       167       799

SOUTHERN AREA ...........................                 33        36        34        31        31        37        25        47        59        88  103       524

CALVERT ......................................            14        9         14        6         12        12        6         17        20        28        32  170

CHARLES ......................................            13        16        11        13        11        13        9         21        22        45        37  211

ST MARY'S ...................................             6         11        9         12        8         12        10        9         17        15        34  143

EASTERN SHORE AREA ................                       69        58        62        68        69        72        79        92        88  154       164       975

CECIL ............................................        25        10        24        24        28        25        26        29        32        30        59  312

KENT .............................................        3         4         2         5         2         0         4         6         3         6         5   40

QUEEN ANNE'S ............................                 4         5         4         4         5         2         8         10        4         8         8   62

CAROLINE ....................................             1         4         2         2         11        4         2         7         3         10        11  57

TALBOT .........................................          5         4         3         3         1         5         7         4         5         10        11  58

DORCHESTER .............................                  4         5         2         6         2         5         5         0         1         6         12  48

WICOMICO ...................................              9         13        12        13        11        21        17        20        18        48        35  217

SOMERSET ..................................               6         3         4         1         3         3         4         3         6         8         4   45

WORCESTER ...............................                 12        10        9         10        6         7         6         13        16        28        19  136

1 Includes deaths that were the result of recent ingestion or exposure to alcohol or another type of drug, including heroin, cocaine, prescription opioids, benzodiazepines, and other prescribed and unprescribed
drugs.
2 Includes only deaths for which the manner of death was classified as accidental or undetermined.

                                                                                            46
TABLE 2. TOTAL NUMBER OF OPIOID-RELATED INTOXICATION DEATHS BY PLACE OF OCCURRENCE, 2007-2017.1,2

REGION AND POLITICAL                                                                                      OPIOID-RELATED DEATHS
        SUBDIVISION
                                                    2007      2008      2009      2010              2011      2012      2013      2014      2015      2016      2017      TOTAL

MARYLAND ......................................     628       523       570       504                   529   648       729       888       1,089     1,856     2,009     9,973

NORTHWEST AREA ........................                   35        37        41        37                53        53        74        81  118       198       157       884

GARRETT .....................................             0         2         3         1                 1         0         4         2         4         0         4   21

ALLEGANY ....................................             12        7         6         11                8         10        11        11        20        55        36  187

WASHINGTON ..............................                 11        21        14        13                16        20        26        34        57        63        51  326

FREDERICK ..................................              12        7         18        12                28        23        33        34        37        80        66  350

BALTIMORE METRO AREA ............                   455       362       382       337                   341   437       485       591       742       1,262     1,404     6,798

BALTIMORE CITY .........................            256       154       199       139                   142   189       212       275       354       628       692       3,240

BALTIMORE COUNTY ..................                       95        92        83        95                93  104       125       146       195       305       323       1,656

ANNE ARUNDEL ..........................                   54        57        45        44                53        68        67        85        89  169       198       929

CARROLL ......................................            12        15        16        12                7         27        21        29        34        44        51  268

HOWARD ......................................             14        13        11        9                 18        17        26        18        25        40        47  238

HARFORD .....................................             24        31        28        38                28        32        34        38        45        76        93  467

NATIONAL CAPITAL AREA .............                       62        62        69        52                52        66        78  101       104       190       215       1,051

MONTGOMERY ............................                   35        29        31        25                28        36        40        53        59        84        91  511

PRINCE GEORGE'S .....................                     27        33        38        27                24        30        38        48        45  106       124       540

SOUTHERN AREA ...........................                 23        24        28        23                26        32        24        40        48        74        94  436

CALVERT ......................................            12        6         11        4                 10        11        5         16        19        25        27  146

CHARLES ......................................            8         9         10        9                 10        12        9         16        17        36        34  170

ST MARY'S ...................................             3         9         7         10                6         9         10        8         12        13        33  120

EASTERN SHORE AREA ................                       53        38        50        55                57        60        68        75        77  132       139       804

CECIL ............................................        23        9         21        21                24        22        22        25        26        28        57  278

KENT .............................................        2         4         2         3                 1         0         4         3         3         4         4   30

QUEEN ANNE'S ............................                 4         2         3         4                 4         2         7         9         4         6         6   51

CAROLINE ....................................             0         2         1         2                 8         4         2         7         3         9         8   46

TALBOT .........................................          3         3         2         2                 1         3         6         4         5         10        8   47

DORCHESTER .............................                  2         3         1         6                 2         5         5         0         1         5         10  40

WICOMICO ...................................              6         7         10        10                10        17        14        15        17        44        28  178

SOMERSET ..................................               5         3         2         1                 3         2         4         2         4         6         3   35

WORCESTER ...............................                 8         5         8         6                 4         5         4         10        14        20        15  99

1 Includes deaths confirmed or suspected to be related to recent ingestion of opioids.
2 Includes only deaths for which the manner of death was classified as accidental or undetermined.

                                                                                                    47
TABLE 3. TOTAL NUMBER OF HEROIN-RELATED INTOXICATION DEATHS BY PLACE OF OCCURRENCE, 2007-2017.1,2

REGION AND POLITICAL                                                                                      HEROIN-RELATED DEATHS
        SUBDIVISION
                                                    2007      2008      2009      2010              2011      2012      2013      2014      2015      2016      2017      TOTAL

MARYLAND ......................................     399       289       360       238                   247   392       464       578       748       1,212     1,078     6,005

NORTHWEST AREA ........................                   16        21        23        15                23        27        40        53        80  119             72  489

GARRETT .....................................             0         0         1         0                 1         0         2         1         3         0         1          9

ALLEGANY ....................................             3         4         2         3                 3         6         3         5         13        34        14  90

WASHINGTON ..............................                 5         13        11        6                 8         11        14        21        38        39        22  188

FREDERICK ..................................              8         4         9         6                 11        10        21        26        26        46        35  202

BALTIMORE METRO AREA ............                   323       203       264       171                   165   272       319       379       519       858       772       4,245

BALTIMORE CITY .........................            200       107       151             93                76  131       150       192       260       454       380       2,194

BALTIMORE COUNTY ..................                       56        51        53        42                38        64        76        86  134       208       170       978

ANNE ARUNDEL ..........................                   38        24        31        18                24        38        41        53        60  105       118       550

CARROLL ......................................            9         5         7         3                 2         13        14        16        22        25        28  144

HOWARD ......................................             8         8         7         3                 10        12        16        9         16        24        23  136

HARFORD .....................................             12        8         15        12                15        14        22        23        27        42        53  243

NATIONAL CAPITAL AREA .............                       37        38        42        26                23        42        53        65        69  115       104       614

MONTGOMERY ............................                   17        14        16        12                11        22        28        33        37        48        52  290

PRINCE GEORGE'S .....................                     20        24        26        14                12        20        25        32        32        67        52  324

SOUTHERN AREA ...........................                 8         11        10        11                15        18        13        28        29        48        45  236
  CALVERT ......................................
  CHARLES ......................................          5         3         7         1                 5         6         2         13        15        17        17  91
  ST MARY'S ...................................
                                                          2         5         3         6                 6         5         5         10        8         22        16  88

                                                          1         3         0         4                 4         7         6         5         6         9         12  57

EASTERN SHORE AREA ................                       15        16        21        15                21        33        39        53        51        72        85  421

CECIL ............................................        8         4         12        4                 8         11        11        15        16        19        37  145

KENT .............................................        1         1         0         0                 1         0         0         2         1         1         1          8

QUEEN ANNE'S ............................                 0         1         3         2                 2         2         5         7         1         4         5   32

CAROLINE ....................................             0         0         0         0                 3         3         2         6         2         6         4   26

TALBOT .........................................          1         2         0         0                 1         2         2         4         3         4         3   22

DORCHESTER .............................                  1         2         0         2                 1         3         3         0         1         3         4   20

WICOMICO ...................................              1         3         3         5                 3         9         11        12        13        21        20  101

SOMERSET ..................................               2         1         1         0                 1         2         1         1         3         3         2   17

WORCESTER ...............................                 1         2         2         2                 1         1         4         6         11        11        9   50

1 Includes deaths confirmed or suspected to be related to recent heroin use.
2 Includes only deaths for which the manner of death was classified as accidental or undetermined.

                                                                                                    48
TABLE 4. TOTAL NUMBER OF PRESCRIPTION OPIOID-RELATED INTOXICATION DEATHS BY PLACE OF OCCURRENCE, 2007-2017.1,2

REGION AND POLITICAL                                                                        PRESCRIPTION OPIOID-RELATED DEATHS
        SUBDIVISION
                                                    2007      2008      2009      2010      2011                 2012      2013      2014      2015      2016      2017      TOTAL

MARYLAND ......................................     302       280       251       311           342              311       316       330       351       418       413       3,625

NORTHWEST AREA ........................                   22        21        21        22        38                   30        35        33        39        56        35  352

GARRETT .....................................             0         2         2         1         1                    0         2         2         1         0         1   12

ALLEGANY ....................................             9         5         6         8         5                    5         8         6         6         15        9   82

WASHINGTON ..............................                 7         10        4         7         11                   9         11        16        20        23        8   126

FREDERICK ..................................              6         4         9         6         21                   16        14        9         12        18        17  132

BALTIMORE METRO AREA ............                   190       189       148       197           212              196       207       217       233       265       298       2,352

BALTIMORE CITY .........................                  95        60        63        61        82                   74        86        84  105       113       123       946

BALTIMORE COUNTY ..................                       48        51        37        60        68                   47        54        59        62        67        87  640

ANNE ARUNDEL ..........................                   22        36        20        31        33                   33        28        32        27        48        43  353

CARROLL ......................................            4         11        10        9         5                    17        12        15        14        15        13  125

HOWARD ......................................             6         6         4         6         9                    5         13        7         9         6         13  84

HARFORD .....................................             15        25        14        30        15                   20        14        20        16        16        19  204

NATIONAL CAPITAL AREA .............                       28        29        32        31        35                   29        30        35        36        42        33  360

MONTGOMERY ............................                   20        17        19        14        20                   18        16        19        23        26        19  211

PRINCE GEORGE'S .....................                     8         12        13        17        15                   11        14        16        13        16        14  149

SOUTHERN AREA ...........................                 17        16        18        16        15                   18        12        19        19        25        26  201

CALVERT ......................................            8         3         4         3         7                    6         3         7         6         11        5   63

CHARLES ......................................            6         6         7         4         5                    7         5         9         8         10        11  78

ST MARY'S ...................................             3         7         7         9         3                    5         4         3         5         4         10  60

EASTERN SHORE AREA ................                       45        25        32        45        42                   38        32        26        24        30        21  360

CECIL ............................................        19        6         10        20        20                   18        12        12        10        8         8   143

KENT .............................................        2         3         2         3         1                    0         4         2         2         0         2   21

QUEEN ANNE'S ............................                 4         1         1         2         2                    0         3         3         3         2         2   23

CAROLINE ....................................             0         2         1         2         5                    1         0         1         0         4         1   17

TALBOT .........................................          2         1         2         2         0                    1         4         0         2         3         4   21

DORCHESTER .............................                  2         1         1         4         1                    3         3         0         0         2         2   19

WICOMICO ...................................              5         4         8         7         7                    9         4         3         5         7         0   59

SOMERSET ..................................               4         3         1         1         3                    2         2         1         1         0         1   19

WORCESTER ...............................                 7         4         6         4         3                    4         0         4         1         4         1   38

1 Includes deaths confirmed or suspected to be related to recent ingestion of one or more prescription opioids.
2 Includes only deaths for which the manner of death was classified as accidental or undetermined.

                                                                                            49
TABLE 5. TOTAL NUMBER OF OXYCODONE-RELATED INTOXICATION DEATHS BY PLACE OF OCCURRENCE, 2007-2017.1,2

REGION AND POLITICAL                                                                                OXYCODONE-RELATED DEATHS
        SUBDIVISION
                                                    2007      2008      2009      2010              2011      2012      2013      2014      2015      2016      2017      TOTAL

MARYLAND ......................................           63        72        82  113                   118         99        86  120       104       157       122       1,136

NORTHWEST AREA ........................                   4         7         9         7                 11        13        12        10        11        25        16  125

GARRETT .....................................             0         1         0         0                 0         0         1         0         0         0         0          2

ALLEGANY ....................................             3         0         1         2                 0         2         3         3         2         7         3   26

WASHINGTON ..............................                 0         4         3         2                 5         2         5         5         6         11        2   45

FREDERICK ..................................              1         2         5         3                 6         9         3         2         3         7         11  52

BALTIMORE METRO AREA ............                         31        44        34        59                63        51        44        69        56        77        73  601

BALTIMORE CITY .........................                  7         6         10        5                 15        15        11        20        18        22        23  152

BALTIMORE COUNTY ..................                       8         14        14        21                22        12        14        22        16        22        21  186

ANNE ARUNDEL ..........................                   5         9         4         9                 14        11        9         10        12        23        15  121

CARROLL ......................................            2         3         3         6                 3         6         3         4         3         3         4   40

HOWARD ......................................             3         2         0         4                 2         2         4         4         4         2         5   32

HARFORD .....................................             6         10        3         14                7         5         3         9         3         5         5   70

NATIONAL CAPITAL AREA .............                       10        10        14        15                14        11        13        17        16        25        13  158

MONTGOMERY ............................                   7         8         10        7                 9         8         7         11        8         16        8   99

PRINCE GEORGE'S .....................                     3         2         4         8                 5         3         6         6         8         9         5   59

SOUTHERN AREA ...........................                 9         7         11        7                 10        10        6         11        13        13        14  111

CALVERT ......................................            3         1         2         2                 4         5         3         3         3         7         3   36

CHARLES ......................................            5         3         4         2                 4         3         1         5         8         4         7   46

ST MARY'S ...................................             1         3         5         3                 2         2         2         3         2         2         4   29

EASTERN SHORE AREA ................                       9         4         14        25                20        14        11        13        8         17        6   141

CECIL ............................................        3         0         3         13                9         4         6         6         3         2         2   51

KENT .............................................        0         0         1         2                 0         0         1         0         1         0         0          5

QUEEN ANNE'S ............................                 1         0         1         1                 1         0         1         1         2         1         0          9

CAROLINE ....................................             0         0         1         1                 0         0         0         0         0         3         0          5

TALBOT .........................................          0         0         0         1                 0         1         1         0         0         2         2          7

DORCHESTER .............................                  1         0         0         2                 1         1         0         0         0         2         1          8

WICOMICO ...................................              1         2         4         2                 5         5         1         2         1         5         0   28

SOMERSET ..................................               0         0         1         1                 2         1         1         1         0         0         0          7

WORCESTER ...............................                 3         2         3         2                 2         2         0         3         1         2         1   21

1 Includes deaths confirmed or suspected to be related to recent ingestion of oxycodone.
2 Includes only deaths for which the manner of death was classified as accidental or undetermined.

                                                                                                    50
TABLE 6: TOTAL NUMBER OF METHADONE-RELATED INTOXICATION DEATHS BY PLACE OF OCCURRENCE, 2007-2017.1,2

REGION AND POLITICAL                                                                                METHADONE-RELATED DEATHS
        SUBDIVISION
                                                    2007      2008      2009      2010              2011      2012      2013      2014      2015      2016      2017      TOTAL

MARYLAND ......................................     210       163       135       173                   172   170       138       152       183       197       246       1,939

NORTHWEST AREA ........................                   15        9         7         8                 14        14        8         20        14        12        11  132

GARRETT .....................................             0         0         1         1                 0         0         1         1         0         0         0          4

ALLEGANY ....................................             3         4         2         3                 4         1         1         3         2         4         3   30

WASHINGTON ..............................                 6         4         0         3                 5         4         3         10        6         5         4   50

FREDERICK ..................................              6         1         4         1                 5         9         3         6         6         3         4   48

BALTIMORE METRO AREA ............                   141       118             97  128                   128   122       110       112       145       158       198       1,457

BALTIMORE CITY .........................                  80        47        50        53                65        54        57        54        78        82        87  707

BALTIMORE COUNTY ..................                       34        29        18        37                32        28        29        31        34        36        63  371

ANNE ARUNDEL ..........................                   15        19        13        17                17        15        6         14        9         21        23  169

CARROLL ......................................            1         7         4         2                 2         12        7         5         9         9         6   64

HOWARD ......................................             2         1         4         2                 5         1         5         2         5         2         8   37

HARFORD .....................................             9         15        8         17                7         12        6         6         10        8         11  109

NATIONAL CAPITAL AREA .............                       11        16        12        12                13        13        7         6         9         13        14  126

MONTGOMERY ............................                   8         8         7         5                 6         7         3         5         6         7         6   68

PRINCE GEORGE'S .....................                     3         8         5         7                 7         6         4         1         3         6         8   58

SOUTHERN AREA ...........................                 9         7         7         7                 3         5         2         7         6         6         9   68

CALVERT ......................................            5         0         2         1                 2         2         0         2         3         2         3   22

CHARLES ......................................            2         4         2         1                 0         1         1         4         2         2         3   22

ST MARY'S ...................................             2         3         3         5                 1         2         1         1         1         2         3   24

EASTERN SHORE AREA ................                       34        13        12        18                14        16        11        7         9         8         14  156

CECIL ............................................        16        3         6         9                 9         10        4         4         3         3         4   71

KENT .............................................        2         2         1         2                 1         0         2         1         1         0         2   14

QUEEN ANNE'S ............................                 2         1         1         1                 1         0         1         0         1         1         2   11

CAROLINE ....................................             0         0         0         1                 1         1         0         1         0         2         1          7

TALBOT .........................................          2         0         2         1                 0         1         2         0         1         1         2   12

DORCHESTER .............................                  1         1         0         0                 0         1         0         0         0         0         2          5

WICOMICO ...................................              3         2         1         3                 1         1         2         0         2         0         0   15

SOMERSET ..................................               3         2         0         0                 1         0         0         0         1         0         1          8

WORCESTER ...............................                 5         2         1         1                 0         2         0         1         0         1         0   13

1 Includes deaths confirmed or suspected to be related to recent ingestion of methadone.
2 Includes only deaths for which the manner of death was classified as accidental or undetermined.

                                                                                                    51
TABLE 7: TOTAL NUMBER OF FENTANYL-RELATED INTOXICATION DEATHS BY PLACE OF OCCURRENCE, 2007-2017.1,2

REGION AND POLITICAL                                                                            FENTANYL-RELATED DEATHS
        SUBDIVISION
                                                    2007      2008      2009      2010      2011      2012      2013                        2014      2015      2016      2017      TOTAL

MARYLAND ......................................           26        25        27        39        26        29        58                    186       340       1,119     1,594     3,469

NORTHWEST AREA ........................                   3         1         1         6         6         3                            7        8         32  109       119       295

GARRETT .....................................             0         1         0         0         1         0                            0        0         2         0         2          6

ALLEGANY ....................................             3         0         1         2         1         1                            1        1         5         29        29  73

WASHINGTON ..............................                 0         0         0         2         1         1                            4        1         14        31        39  93

FREDERICK ..................................              0         0         0         2         3         1                            2        6         11        49        49  123

BALTIMORE METRO AREA ............                         14        19        16        20        10        16        35                    142       248       792       1,118     2,430

BALTIMORE CITY .........................                  3         2         4         4         2         4         12                          72  120       419       573       1,215

BALTIMORE COUNTY ..................                       6         9         9         6         4         5         11                          36        65  182       244       577

ANNE ARUNDEL ..........................                   3         5         3         5         2         3                            6        23        29        98  152       329

CARROLL ......................................            0         2         0         2         0         1                            2        4         11        20        40  82

HOWARD ......................................             1         0         0         0         0         2                            3        5         7         27        36  81

HARFORD .....................................             1         1         0         3         2         1                            1        2         16        46        73  146

NATIONAL CAPITAL AREA .............                       3         0         3         3         0         3                            6        15        32  101       175       341

MONTGOMERY ............................                   2         0         1         1         0         2                            0        8         17        43        72  146

PRINCE GEORGE'S .....................                     1         0         2         2         0         1                            6        7         15        58  103       195

SOUTHERN AREA ...........................                 0         1         2         1         3         1                            4        9         9         32        74  136

CALVERT ......................................            0         1         1         0         1         0                            0        5         2         11        22  43

CHARLES ......................................            0         0         0         0         1         1                            3        1         4         17        26  53

ST MARY'S ...................................             0         0         1         1         1         0                            1        3         3         4         26  40

EASTERN SHORE AREA ................                       6         4         5         9         7         6                            6        12        19        85  108       267

CECIL ............................................        2         1         0         2         2         0                            0        1         7         9         44  68

KENT .............................................        0         0         0         0         0         0                            0        1         0         3         3          7

QUEEN ANNE'S ............................                 1         0         0         0         0         0                            1        1         0         4         5   12

CAROLINE ....................................             0         0         0         1         4         0                            0        0         1         3         7   16

TALBOT .........................................          1         1         0         1         0         1                            0        2         2         7         3   18

DORCHESTER .............................                  0         0         0         2         0         0                            2        0         1         3         7   15

WICOMICO ...................................              1         1         3         1         1         4                            1        7         1         34        24  78

SOMERSET ..................................               1         1         0         1         0         0                            2        0         1         6         3   15

WORCESTER ...............................                 0         0         2         1         0         1                            0        0         6         16        12  38

1 Includes deaths confirmed or suspected to be related to recent ingestion or exposure to pharmaceutical or nonpharmaceutical fentanyl.
2 Includes only deaths for which the manner of death was classified as accidental or undetermined.

                                                                                            52
TABLE 8: TOTAL NUMBER OF COCAINE-RELATED INTOXICATION DEATHS BY PLACE OF OCCURRENCE, 2007-2017.1,2

REGION AND POLITICAL                                                                                      COCAINE-RELATED DEATHS
        SUBDIVISION
                                                    2007      2008      2009      2010              2011      2012      2013      2014      2015      2016      2017      TOTAL

MARYLAND ......................................     248       157       162       135                   148   153       154       198       221       464       691       2,731

NORTHWEST AREA ........................                   9         4         4         8                 10        9         13        16        20        27        43  163

GARRETT .....................................             0         0         0         1                 0         0         0         0         1         0         1          3

ALLEGANY ....................................             2         1         1         1                 0         2         2         2         5         9         13  38

WASHINGTON ..............................                 3         1         0         3                 3         5         6         6         10        9         10  56

FREDERICK ..................................              4         2         3         3                 7         2         5         8         4         9         19  66

BALTIMORE METRO AREA ............                   178       108       124             93                97  108       102       138       167       348       522       1,985

BALTIMORE CITY .........................            106             57        72        45                48        59        47        82        93  202       285       1,096

BALTIMORE COUNTY ..................                       30        25        25        23                19        17        27        28        38        80  123       435

ANNE ARUNDEL ..........................                   26        18        15        13                18        13        12        19        19        31        66  250

CARROLL ......................................            2         2         3         6                 3         7         7         2         6         8         14  60

HOWARD ......................................             6         1         4         1                 5         7         5         3         6         7         16  61

HARFORD .....................................             8         5         5         5                 4         5         4         4         5         20        18  83

NATIONAL CAPITAL AREA .............                       35        26        18        16                24        22        25        29        16        44        62  317

MONTGOMERY ............................                   20        12        7         4                 12        12        13        10        5         11        17  123

PRINCE GEORGE'S .....................                     15        14        11        12                12        10        12        19        11        33        45  194

SOUTHERN AREA ...........................                 5         6         4         7                 3         6         1         3         6         8         19  68

CALVERT ......................................            1         2         1         3                 2         3         0         2         0         2         3   19

CHARLES ......................................            3         3         2         2                 1         1         0         0         2         4         10  28

ST MARY'S ...................................             1         1         1         2                 0         2         1         1         4         2         6   21

EASTERN SHORE AREA ................                       21        13        12        11                14        8         13        12        12        37        45  198

CECIL ............................................        5         3         4         3                 7         2         5         4         3         3         15  54

KENT .............................................        1         2         0         1                 0         0         0         1         1         0         1          7

QUEEN ANNE'S ............................                 3         0         2         0                 1         0         0         0         0         1         2          9

CAROLINE ....................................             0         0         1         0                 1         1         0         1         0         5         2   11

TALBOT .........................................          4         0         1         0                 0         0         3         0         1         2         2   13

DORCHESTER .............................                  1         1         0         1                 1         1         1         0         0         1         7   14

WICOMICO ...................................              2         5         2         3                 3         4         3         4         7         13        7   53

SOMERSET ..................................               1         0         1         1                 0         0         0         0         0         4         2          9

WORCESTER ...............................                 4         2         1         2                 1         0         1         2         0         8         7   28

1 Includes deaths confirmed or suspected to be related to recent use of cocaine.
2 Includes only deaths for which the manner of death was classified as accidental or undetermined.

                                                                                                    53
TABLE 9: TOTAL NUMBER OF BENZODIAZEPINE-RELATED INTOXICATION DEATHS BY PLACE OF OCCURRENCE, 2007-2017.1,2

REGION AND POLITICAL                                                                        BENZODIAZEPINE-RELATED DEATHS
        SUBDIVISION
                                                    2007      2008      2009      2010      2011      2012      2013                       2014      2015      2016      2017      TOTAL

MARYLAND ......................................           37        48        52        58        68        73                         69  103             91  126       146       871

NORTHWEST AREA ........................                   3         3         7         6         9         5                          6         13        8         21        19  100

GARRETT .....................................             0         0         1         0         0         0                          1         0         1         0         2          5

ALLEGANY ....................................             1         0         1         3         1         0                          1         3         1         6         5   22

WASHINGTON ..............................                 1         2         2         2         4         3                          2         5         3         6         2   32

FREDERICK ..................................              1         1         3         1         4         2                          2         5         3         9         10  41

BALTIMORE METRO AREA ............                         22        29        29        43        39        49                         44        66        56        78        98  553

BALTIMORE CITY .........................                  7         2         10        12        9         15                         14        22        15        24        28  158

BALTIMORE COUNTY ..................                       12        7         8         18        9         12                         16        24        18        29        25  178

ANNE ARUNDEL ..........................                   1         8         4         6         14        11                         3         9         11        9         27  103

CARROLL ......................................            0         4         3         3         0         1                          3         3         4         1         4   26

HOWARD ......................................             1         2         2         2         4         2                          5         0         6         8         5   37

HARFORD .....................................             1         6         2         2         3         8                          3         8         2         7         9   51

NATIONAL CAPITAL AREA .............                       4         9         6         4         9         6                          7         12        8         12        15  92

MONTGOMERY ............................                   1         5         4         4         6         4                          4         10        7         7         8   60

PRINCE GEORGE'S .....................                     3         4         2         0         3         2                          3         2         1         5         7   32

SOUTHERN AREA ...........................                 3         5         2         2         2         4                          4         6         7         7         8   50

CALVERT ......................................            1         1         1         1         1         1                          1         3         1         1         2   14

CHARLES ......................................            1         3         1         0         0         2                          1         2         4         4         4   22

ST MARY'S ...................................             1         1         0         1         1         1                          2         1         2         2         2   14

EASTERN SHORE AREA ................                       5         2         8         3         9         9                          8         6         12        8         6   76

CECIL ............................................        4         0         3         2         6         7                          3         3         5         2         1   36

KENT .............................................        0         0         0         0         0         0                          0         0         0         1         2          3

QUEEN ANNE'S ............................                 0         0         0         1         1         0                          0         0         1         1         0          4

CAROLINE ....................................             0         0         0         0         0         0                          0         0         0         0         1          1

TALBOT .........................................          0         1         0         0         0         0                          3         0         1         1         1          7

DORCHESTER .............................                  0         0         1         0         0         1                          1         0         0         1         0          4

WICOMICO ...................................              0         0         0         0         1         0                          0         1         2         1         0          5

SOMERSET ..................................               1         0         1         0         0         1                          1         0         0         0         0          4

WORCESTER ...............................                 0         1         3         0         1         0                          0         2         3         1         1   12

1 Includes deaths confirmed or suspected to be related to recent ingestion of a benzodiazepine or related drug with sedative effects.
2 Includes only deaths for which the manner of death was classified as accidental or undetermined.

                                                                                            54
TABLE 10: TOTAL NUMBER OF ALCOHOL-RELATED INTOXICATION DEATHS BY PLACE OF OCCURRENCE, 2007-2017.1,2

REGION AND POLITICAL                                                                                      ALCOHOL-RELATED DEATHS
        SUBDIVISION
                                                    2007      2008      2009      2010              2011      2012      2013      2014      2015      2016      2017      TOTAL

MARYLAND ......................................     189       176       163       161                   161   195       239       270       310       582       517       2,963

NORTHWEST AREA ........................                   14        19        16        15                16        12        21        27        30        47        31  248

GARRETT .....................................             1         2         1         1                 1         0         2         1         1         1         2   13

ALLEGANY ....................................             5         0         3         4                 2         4         2         3         6         14        4   47

WASHINGTON ..............................                 3         10        4         5                 4         3         6         11        10        17        14  87

FREDERICK ..................................              5         7         8         5                 9         5         11        12        13        15        11  101

BALTIMORE METRO AREA ............                   114             96  100             94                99  126       154       166       215       403       334       1,901

BALTIMORE CITY .........................                  56        41        54        39                44        71        86        86  114       222       198       1,011

BALTIMORE COUNTY ..................                       38        23        22        29                22        24        32        39        52        81        71  433

ANNE ARUNDEL ..........................                   12        12        9         10                21        15        22        18        27        56        37  239

CARROLL ......................................            3         4         5         4                 4         4         4         9         6         12        9   64

HOWARD ......................................             2         7         5         3                 4         6         6         6         5         14        7   65

HARFORD .....................................             3         9         5         9                 4         6         4         8         11        18        12  89

NATIONAL CAPITAL AREA .............                       38        34        23        27                28        38        35        36        32        67        86  444

MONTGOMERY ............................                   17        15        9         10                16        15        13        18        15        22        35  185

PRINCE GEORGE'S .....................                     21        19        14        17                12        23        22        18        17        45        51  259

SOUTHERN AREA ...........................                 10        9         8         6                 7         7         7         12        11        22        24  123

CALVERT ......................................            3         3         4         0                 2         2         1         4         3         7         4   33

CHARLES ......................................            5         5         1         4                 3         2         4         5         4         12        9   54

ST MARY'S ...................................             2         1         3         2                 2         3         2         3         4         3         11  36

EASTERN SHORE AREA ................                       13        18        16        19                11        12        22        29        22        43        42  247

CECIL ............................................        5         4         7         6                 3         6         9         5         8         8         12  73

KENT .............................................        0         0         0         1                 0         0         1         1         0         1         1          5

QUEEN ANNE'S ............................                 1         2         0         1                 3         0         1         7         0         2         4   21

CAROLINE ....................................             1         0         1         0                 1         0         1         2         0         5         4   15

TALBOT .........................................          0         3         0         0                 0         2         2         0         0         0         5   12

DORCHESTER .............................                  2         0         0         1                 0         1         0         0         1         1         2          8

WICOMICO ...................................              1         6         3         4                 2         2         6         7         3         12        9   55

SOMERSET ..................................               0         0         1         0                 1         1         1         2         2         3         1   12

WORCESTER ...............................                 3         3         4         6                 1         0         1         5         8         11        4   46

1 Includes deaths confirmed or suspected to be related to recent ingestion of alcohol.
2 Includes only deaths for which the manner of death was classified as accidental or undetermined.

                                                                                                    55
